Decade;Probands_region;MeanF;FCIlower;FCIhigher;MeanPhi;PhiCIlower;PhiCIhigher
1640;Beauce;0;0;0;5.04388177141128e-07;0;1.85049983430458e-06
1640;Montreal;0;0;0;6.24918279917242e-07;0;1.68321682395068e-06
1640;SLSJ;0;0;0;4.56771593191911e-07;0;1.4852180192089e-06
1650;Beauce;0;0;0;4.29722346692538e-05;1.9234429068041e-05;7.47589487155816e-05
1650;Montreal;0;0;0;2.41465170255898e-05;1.23152274738138e-05;4.05312613238086e-05
1650;SLSJ;0;0;0;2.74237994701322e-05;1.26660308213608e-05;4.76997068914816e-05
1660;Beauce;0;0;0;4.8054112145793e-05;2.64749536620656e-05;7.60174666400846e-05
1660;Montreal;0;0;0;2.73879315449754e-05;1.63722220083382e-05;4.26720662346427e-05
1660;SLSJ;0;0;0;3.22625610403158e-05;1.82277028949943e-05;5.06356347492882e-05
1670;Beauce;0;0;0;4.37405892273928e-05;3.14351256303805e-05;5.80609175943846e-05
1670;Montreal;0;0;0;2.42949071617644e-05;1.83204476420694e-05;3.10725481963958e-05
1670;SLSJ;0;0;0;3.44061098148986e-05;2.56838561049171e-05;4.4440773285011e-05
1680;Beauce;0;0;0;0.000254244366401374;0.000188358923478081;0.000331780010983556
1680;Montreal;0;0;0;0.000109018982766597;8.64436332168503e-05;0.000135548356812868
1680;SLSJ;0;0;0;0.000168990778266717;0.000130423339098355;0.00021335998874098
1690;Beauce;0;0;0;0.000295136073040846;0.000250640653791326;0.000345854602842496
1690;Montreal;0;0;0;0.000141407071820719;0.00012329084968489;0.00016070100599186
1690;SLSJ;0;0;0;0.000214160557714199;0.00018474080341834;0.000246869140506992
1700;Beauce;0;0;0;0.000295051477736595;0.000257710682157115;0.000333893801593719
1700;Montreal;0;0;0;0.000144080321294803;0.000131124536980076;0.000158484697188967
1700;SLSJ;0;0;0;0.000212852550949887;0.00019053386292731;0.000236725103299656
1710;Beauce;1.26723438767234e-05;0;5.1e-05;0.000497112418214009;0.000438903318541735;0.000559788492082108
1710;Montreal;4.8374613003096e-06;0;1.7e-05;0.000205325157249702;0.000189042361852408;0.000222706650285114
1710;SLSJ;7.9638124362895e-06;0;2.8e-05;0.000321971180193306;0.000292143734314081;0.000354174286238602
1720;Beauce;5.59234073013601e-06;0;3.1e-05;0.000526098903366019;0.000474670920506394;0.000583491395114043
1720;Montreal;1.11953666109386e-05;2e-06;4.5e-05;0.000231504411006538;0.000217406982118488;0.000245966512801113
1720;SLSJ;0;0;0;0.000363182643372877;0.000334020049695362;0.000395325821301918
1730;Beauce;2.36742424242424e-05;0;0.00012;0.00062817893822243;0.000574158610000308;0.000686082266984755
1730;Montreal;2.55636472466081e-05;1.1e-05;5.7e-05;0.000189975349321669;0.000180850181647438;0.000199718874336003
1730;SLSJ;2.75951726844584e-05;3e-06;8.9e-05;0.000409626791775762;0.000380037175525084;0.000439960223899155
1740;Beauce;9.98402555910543e-06;0;6.5e-05;0.000747182066238775;0.000687497673733117;0.000805723900579191
1740;Montreal;4.15428526743822e-05;2.1e-05;7.8e-05;0.000280554957831472;0.000269869130471273;0.000291217326203577
1740;SLSJ;2.77695497630332e-05;6e-06;0.000105;0.000514501837281396;0.000479675298598132;0.000550723259024955
1750;Beauce;0.000202345914127424;0.00013;0.000322;0.000898926977878107;0.000842941631532126;0.000956038709706108
1750;Montreal;0.000172801823926918;0.000133;0.000221;0.000361225597400408;0.000350664853918587;0.000372043214498879
1750;SLSJ;0.000179929236990155;0.000118;0.000284;0.000660672299929692;0.000623547751194715;0.000698955783786176
1760;Beauce;0.000468936774248634;0.000335;0.00065;0.000894569726480065;0.000831848070997419;0.000962237056746455
1760;Montreal;0.000278328183772166;0.000234;0.000334;0.000294778926865649;0.000287092930708018;0.000303013658938271
1760;SLSJ;0.000310647166013925;0.000227;0.000417;0.000603446578770347;0.000562942768695492;0.000645343158263852
1770;Beauce;0.000589134579613095;0.000468;0.000759;0.00105029238971316;0.000992324429316178;0.0011134550028135
1770;Montreal;0.000586723522958689;0.000524;0.000661;0.000360409029494112;0.000352367704149784;0.000368498917881329
1770;SLSJ;0.000701164398128456;0.000568;0.000851;0.000776866551488672;0.000728995316045954;0.000827316565516772
1780;Beauce;0.00134102730819246;0.001091;0.001665;0.00116844744019042;0.00110344272455037;0.0012335683538441
1780;Montreal;0.00107819756245567;0.000992;0.001178;0.000390922129264101;0.00038295566913916;0.000399130397710895
1780;SLSJ;0.00161690877363665;0.001391;0.001896;0.000915868029403628;0.000857387693993861;0.000977883504543795
1790;Beauce;0.00191497802734375;0.001655;0.002232;0.00118717845560909;0.00112615627276205;0.00124746376276272
1790;Montreal;0.00146853341389823;0.001372;0.001576;0.000357473127287185;0.000350882751908801;0.000364278780588164
1790;SLSJ;0.00256245552828764;0.002262;0.002909;0.00107742926415482;0.000997230281145907;0.0011581023494929
1800;Beauce;0.00237671460973502;0.002089;0.002739;0.00134677567040804;0.00128653867507628;0.00140995824749003
1800;Montreal;0.00185491998059862;0.001754;0.001962;0.000386606805525509;0.000380495467739018;0.00039305685395747
1800;SLSJ;0.00402668625278879;0.003659;0.004431;0.00146711169756347;0.00133343896374778;0.00160500881653081
1810;Beauce;0.00266193710148778;0.002393;0.002969;0.00145507577426919;0.00139562720738038;0.00151573721454535
1810;Montreal;0.0021869925302382;0.002084;0.002294;0.000399973799794264;0.000393946788715341;0.000406215472633892
1810;SLSJ;0.0050543093213848;0.004665;0.00547;0.00196969376444538;0.00179826691044293;0.00215273644261649
1820;Beauce;0.00284329809323706;0.002556;0.00316;0.0014976220943403;0.0014202914847067;0.00157634341316486
1820;Montreal;0.00245493536348396;0.002346;0.002562;0.000391627663028735;0.000386204415694208;0.000397203417978081
1820;SLSJ;0.00630935271184311;0.005871;0.006776;0.00242098022175318;0.00219347213791963;0.00266587289424733
1830;Beauce;0.00285481350108475;0.002604;0.00314;0.0017556497991723;0.00168329965497015;0.00182969894941328
1830;Montreal;0.00258352379331268;0.002483;0.002694;0.0004131004966616;0.00040737637634589;0.000418945928195408
1830;SLSJ;0.00792665953882376;0.007468;0.008418;0.0044366103102671;0.00408870981688947;0.00478957997116783
1840;Beauce;0.00294288850689584;0.002703;0.003214;0.001805156491664;0.00172703878251318;0.00188635185310689
1840;Montreal;0.00258978916180714;0.002486;0.002703;0.000424295952192889;0.000418644907941344;0.00042984361816172
1840;SLSJ;0.00777353702547396;0.007308;0.008274;0.00378640297837723;0.00346148251113705;0.00412446989249941
1850;Beauce;0.00325552728998998;0.003019;0.003513;0.00216281769957295;0.00206747630118192;0.00226535900476849
1850;Montreal;0.00260348387543675;0.002508;0.00271;0.000436446385404498;0.000430519821324523;0.000442351906304414
1850;SLSJ;0.0094341450990294;0.009008;0.009878;0.00585245953757751;0.00549373895626644;0.00621696365555994
1860;Beauce;0.00360137710986683;0.003356;0.003873;0.0022976255768806;0.00219981779017045;0.00240289208002333
1860;Montreal;0.00263696528591683;0.002528;0.002746;0.000449330886710706;0.000442754399638098;0.000455810902162259
1860;SLSJ;0.0100280716238008;0.009592;0.010488;0.00680508155101022;0.00643270544855915;0.00718866728451131
1870;Beauce;0.00386345665466023;0.003643;0.004096;0.00235480647884999;0.0022623496041567;0.00244931120872705
1870;Montreal;0.0027510542032422;0.00264;0.002873;0.000472373862628551;0.000465619971393073;0.000479157141986427
1870;SLSJ;0.0094576518798509;0.009054;0.009857;0.00629136076050698;0.00595713920430369;0.00664284885648025
1880;Beauce;0.00446033459836754;0.004228;0.004716;0.00276123069526041;0.00265210322326826;0.00287639111381065
1880;Montreal;0.00296030361456787;0.002826;0.003118;0.000475733826360087;0.000468965791879245;0.000482707067919173
1880;SLSJ;0.010720180218932;0.01035;0.0111;0.0077244923348306;0.0073931956265978;0.00805628680118831
1890;Beauce;0.00515904585080134;0.004887;0.005448;0.00296791072940124;0.00285576582136433;0.00308198554956282
1890;Montreal;0.00318124242512044;0.003016;0.003372;0.000494421662765588;0.000487184102441652;0.00050193099973248
1890;SLSJ;0.0101182945271864;0.009789;0.010456;0.00805950315172721;0.00777786449783511;0.00834021901414676
1900;Beauce;0.0056542594187592;0.005381;0.005955;0.00297926692677642;0.00287928605399043;0.0030848303211295
1900;Montreal;0.00310776483577987;0.002946;0.003302;0.000516299145698184;0.000508018291728239;0.000524505337415375
1900;SLSJ;0.0102528388044395;0.009964;0.010547;0.00837743533285914;0.00813470651945035;0.00861299187013567
1910;Beauce;0.00687835280355839;0.006561;0.007223;0.00326169414534013;0.00316158624060245;0.00336280536397773
1910;Montreal;0.00323128278940905;0.003041;0.003442;0.000525174117934023;0.000516596238123764;0.000534118179703385
1910;SLSJ;0.0102895333815987;0.010027;0.010563;0.0082533261550755;0.00805597608613275;0.00845331125853825
1920;Beauce;0.00770451399158593;0.007329;0.00812;0.00346216704243947;0.00335499407298678;0.00356971811969101
1920;Montreal;0.00311237857233901;0.002864;0.003403;0.000552671989387176;0.000542674175721673;0.000562973427063976
1920;SLSJ;0.0105644381782269;0.010297;0.010842;0.00879289198322228;0.00862438523066022;0.00896538552163138
1930;Beauce;0.00791025544135488;0.007508;0.008352;0.00349030419493406;0.0033843797724107;0.00359812028313347
1930;Montreal;0.00298680045148123;0.002744;0.003279;0.000536892036143262;0.000528110565310853;0.000546101746410789
1930;SLSJ;0.0109096546031626;0.010617;0.011225;0.00859910828261886;0.00844028928277997;0.00875945191120159
1940;Beauce;0.00837602104537288;0.007846;0.008986;0.00338234920911388;0.00326808872554018;0.00350001623538011
1940;Montreal;0.00275914987182899;0.002491;0.003071;0.000501014369919476;0.00049262117843407;0.000509597946384181
1940;SLSJ;0.0107119172192414;0.010409;0.011041;0.00824622545514003;0.00808888822187655;0.00840359115837481
